# PFR Poses (4x4 Transformation Matrix)
--- Pose 1 ---
-0.56052947 -0.82488571 -0.07328212 0.01832053
0.81792524 -0.56529953 0.10693335 -0.02673334
-0.12963414 0.00000000 0.99156189 -0.24789047
0.00000000 0.00000000 0.00000000 1.00000000

--- Pose 2 ---
-0.55675622 -0.82743715 -0.07328214 0.01832053
0.82036140 -0.56155833 0.10797874 -0.02699469
-0.13049782 0.00000000 0.99144860 -0.24786215
0.00000000 0.00000000 0.00000000 1.00000000

--- Pose 3 ---
-0.55310916 -0.82987803 -0.07329876 0.01832469
0.82268551 -0.55794485 0.10902338 -0.02725584
-0.13137277 0.00000000 0.99133304 -0.24783326
0.00000000 0.00000000 0.00000000 1.00000000

--- Pose 4 ---
-0.54958857 -0.83221081 -0.07333199 0.01833300
0.82490005 -0.55445935 0.11006699 -0.02751675
-0.13225854 0.00000000 0.99121525 -0.24780381
0.00000000 0.00000000 0.00000000 1.00000000

--- Pose 5 ---
-0.54619452 -0.83443793 -0.07338179 0.01834545
0.82700749 -0.55110193 0.11110930 -0.02777733
-0.13315466 0.00000000 0.99109527 -0.24777382
0.00000000 0.00000000 0.00000000 1.00000000

--- Pose 6 ---
-0.54292694 -0.83656184 -0.07344816 0.01836204
0.82901030 -0.54787252 0.11215005 -0.02803751
-0.13406068 0.00000000 0.99097312 -0.24774328
0.00000000 0.00000000 0.00000000 1.00000000

--- Pose 7 ---
-0.53978560 -0.83858493 -0.07353108 0.01838277
0.83091092 -0.54477088 0.11318897 -0.02829724
-0.13497615 0.00000000 0.99084885 -0.24771221
0.00000000 0.00000000 0.00000000 1.00000000

--- Pose 8 ---
-0.53677010 -0.84050961 -0.07363050 0.01840763
0.83271176 -0.54179664 0.11422578 -0.02855645
-0.13590063 0.00000000 0.99072247 -0.24768062
0.00000000 0.00000000 0.00000000 1.00000000

--- Pose 9 ---
-0.53387995 -0.84233821 -0.07374641 0.01843660
0.83441521 -0.53894929 0.11526023 -0.02881506
-0.13683368 0.00000000 0.99059404 -0.24764851
0.00000000 0.00000000 0.00000000 1.00000000

--- Pose 10 ---
-0.53111449 -0.84407306 -0.07387877 0.01846969
0.83602362 -0.53622819 0.11629205 -0.02907301
-0.13777487 0.00000000 0.99046357 -0.24761589
0.00000000 0.00000000 0.00000000 1.00000000

--- Pose 11 ---
-0.52847296 -0.84571642 -0.07402753 0.01850688
0.83753928 -0.53363259 0.11732097 -0.02933024
-0.13872377 0.00000000 0.99033111 -0.24758278
0.00000000 0.00000000 0.00000000 1.00000000

--- Pose 12 ---
-0.52595448 -0.84727052 -0.07419265 0.01854816
0.83896447 -0.53116162 0.11834673 -0.02958668
-0.13967998 0.00000000 0.99019670 -0.24754917
0.00000000 0.00000000 0.00000000 1.00000000

--- Pose 13 ---
-0.52355810 -0.84873754 -0.07437408 0.01859352
0.84030140 -0.52881432 0.11936907 -0.02984227
-0.14064308 0.00000000 0.99006036 -0.24751509
0.00000000 0.00000000 0.00000000 1.00000000

--- Pose 14 ---
-0.52128273 -0.85011962 -0.07457177 0.01864294
0.84155223 -0.52658963 0.12038771 -0.03009693
-0.14161268 0.00000000 0.98992214 -0.24748054
0.00000000 0.00000000 0.00000000 1.00000000

--- Pose 15 ---
-0.51912723 -0.85141883 -0.07478566 0.01869641
0.84271910 -0.52448639 0.12140242 -0.03035060
-0.14258836 0.00000000 0.98978208 -0.24744552
0.00000000 0.00000000 0.00000000 1.00000000

--- Pose 16 ---
-0.51709036 -0.85263720 -0.07501568 0.01875392
0.84380405 -0.52250339 0.12241291 -0.03060323
-0.14356975 0.00000000 0.98964020 -0.24741005
0.00000000 0.00000000 0.00000000 1.00000000

--- Pose 17 ---
-0.51517083 -0.85377672 -0.07526178 0.01881545
0.84480912 -0.52063934 0.12341894 -0.03085474
-0.14455646 0.00000000 0.98949655 -0.24737414
0.00000000 0.00000000 0.00000000 1.00000000

--- Pose 18 ---
-0.51336727 -0.85483928 -0.07552388 0.01888097
0.84573624 -0.51889287 0.12442025 -0.03110506
-0.14554812 0.00000000 0.98935117 -0.24733779
0.00000000 0.00000000 0.00000000 1.00000000

--- Pose 19 ---
-0.51167824 -0.85582676 -0.07580191 0.01895048
0.84658734 -0.51726256 0.12541659 -0.03135415
-0.14654436 0.00000000 0.98920410 -0.24730102
0.00000000 0.00000000 0.00000000 1.00000000

--- Pose 20 ---
-0.51010228 -0.85674097 -0.07609579 0.01902395
0.84736426 -0.51574694 0.12640769 -0.03160192
-0.14754482 0.00000000 0.98905537 -0.24726384
0.00000000 0.00000000 0.00000000 1.00000000

--- Pose 21 ---
-0.50863787 -0.85758366 -0.07640544 0.01910136
0.84806879 -0.51434451 0.12739332 -0.03184833
-0.14854914 0.00000000 0.98890503 -0.24722626
0.00000000 0.00000000 0.00000000 1.00000000

--- Pose 22 ---
-0.50728343 -0.85835652 -0.07673076 0.01918269
0.84870268 -0.51305369 0.12837321 -0.03209330
-0.14955698 0.00000000 0.98875311 -0.24718828
0.00000000 0.00000000 0.00000000 1.00000000

--- Pose 23 ---
-0.50603737 -0.85906120 -0.07707167 0.01926792
0.84926760 -0.51187290 0.12934712 -0.03233678
-0.15056799 0.00000000 0.98859966 -0.24714991
0.00000000 0.00000000 0.00000000 1.00000000

--- Pose 24 ---
-0.50489806 -0.85969927 -0.07742808 0.01935702
0.84976520 -0.51080051 0.13031480 -0.03257870
-0.15158185 0.00000000 0.98844471 -0.24711118
0.00000000 0.00000000 0.00000000 1.00000000

--- Pose 25 ---
-0.50386384 -0.86027229 -0.07779989 0.01944997
0.85019705 -0.50983486 0.13127601 -0.03281900
-0.15259821 0.00000000 0.98828831 -0.24707208
0.00000000 0.00000000 0.00000000 1.00000000

--- Pose 26 ---
-0.50293302 -0.86078172 -0.07818699 0.01954675
0.85056467 -0.50897429 0.13223051 -0.03305763
-0.15361677 0.00000000 0.98813050 -0.24703263
0.00000000 0.00000000 0.00000000 1.00000000

--- Pose 27 ---
-0.50210392 -0.86122899 -0.07858927 0.01964732
0.85086955 -0.50821710 0.13317805 -0.03329451
-0.15463721 0.00000000 0.98797132 -0.24699283
0.00000000 0.00000000 0.00000000 1.00000000

--- Pose 28 ---
-0.50137482 -0.86161549 -0.07900664 0.01975166
0.85111310 -0.50756158 0.13411839 -0.03352960
-0.15565921 0.00000000 0.98781082 -0.24695270
0.00000000 0.00000000 0.00000000 1.00000000

--- Pose 29 ---
-0.50074399 -0.86194252 -0.07943896 0.01985974
0.85129669 -0.50700600 0.13505130 -0.03376283
-0.15668249 0.00000000 0.98764903 -0.24691226
0.00000000 0.00000000 0.00000000 1.00000000

--- Pose 30 ---
-0.50020970 -0.86221138 -0.07988613 0.01997153
0.85142166 -0.50654865 0.13597654 -0.03399414
-0.15770674 0.00000000 0.98748599 -0.24687150
0.00000000 0.00000000 0.00000000 1.00000000

--- Pose 31 ---
-0.49977021 -0.86242329 -0.08034803 0.02008701
0.85148928 -0.50618778 0.13689389 -0.03422347
-0.15873167 0.00000000 0.98732176 -0.24683044
0.00000000 0.00000000 0.00000000 1.00000000

--- Pose 32 ---
-0.49942378 -0.86257943 -0.08082452 0.02020613
0.85150079 -0.50592165 0.13780310 -0.03445077
-0.15975699 0.00000000 0.98715637 -0.24678909
0.00000000 0.00000000 0.00000000 1.00000000

--- Pose 33 ---
-0.49916868 -0.86268095 -0.08131548 0.02032887
0.85145736 -0.50574853 0.13870395 -0.03467599
-0.16078244 0.00000000 0.98698987 -0.24674747
0.00000000 0.00000000 0.00000000 1.00000000

--- Pose 34 ---
-0.49900316 -0.86272893 -0.08182078 0.02045520
0.85136015 -0.50566668 0.13959622 -0.03489906
-0.16180774 0.00000000 0.98682230 -0.24670558
0.00000000 0.00000000 0.00000000 1.00000000

--- Pose 35 ---
-0.49892548 -0.86272443 -0.08234028 0.02058507
0.85121026 -0.50567436 0.14047968 -0.03511992
-0.16283263 0.00000000 0.98665371 -0.24666343
0.00000000 0.00000000 0.00000000 1.00000000

--- Pose 36 ---
-0.49893393 -0.86266845 -0.08287385 0.02071846
0.85100874 -0.50576985 0.14135412 -0.03533853
-0.16385683 0.00000000 0.98648413 -0.24662103
0.00000000 0.00000000 0.00000000 1.00000000

--- Pose 37 ---
-0.49902678 -0.86256197 -0.08342132 0.02085533
0.85075662 -0.50595142 0.14221931 -0.03555483
-0.16488011 0.00000000 0.98631362 -0.24657840
0.00000000 0.00000000 0.00000000 1.00000000

--- Pose 38 ---
-0.49920232 -0.86240592 -0.08398257 0.02099564
0.85045488 -0.50621737 0.14307504 -0.03576876
-0.16590220 0.00000000 0.98614221 -0.24653555
0.00000000 0.00000000 0.00000000 1.00000000

--- Pose 39 ---
-0.49945885 -0.86220119 -0.08455745 0.02113936
0.85010447 -0.50656599 0.14392109 -0.03598027
-0.16692287 0.00000000 0.98596996 -0.24649249
0.00000000 0.00000000 0.00000000 1.00000000

--- Pose 40 ---
-0.49979468 -0.86194865 -0.08514579 0.02128645
0.84970630 -0.50699559 0.14475726 -0.03618932
-0.16794187 0.00000000 0.98579690 -0.24644923
0.00000000 0.00000000 0.00000000 1.00000000

--- Pose 41 ---
-0.50020815 -0.86164911 -0.08574744 0.02143686
0.84926125 -0.50750450 0.14558334 -0.03639584
-0.16895897 0.00000000 0.98562309 -0.24640577
0.00000000 0.00000000 0.00000000 1.00000000

--- Pose 42 ---
-0.50069760 -0.86130336 -0.08636224 0.02159056
0.84877016 -0.50809105 0.14639913 -0.03659978
-0.16997394 0.00000000 0.98544856 -0.24636214
0.00000000 0.00000000 0.00000000 1.00000000

--- Pose 43 ---
-0.50126137 -0.86091217 -0.08699003 0.02174751
0.84823383 -0.50875360 0.14720442 -0.03680110
-0.17098656 0.00000000 0.98527336 -0.24631834
0.00000000 0.00000000 0.00000000 1.00000000

--- Pose 44 ---
-0.50189785 -0.86047627 -0.08763064 0.02190766
0.84765306 -0.50949052 0.14799901 -0.03699975
-0.17199661 0.00000000 0.98509754 -0.24627439
0.00000000 0.00000000 0.00000000 1.00000000

--- Pose 45 ---
-0.50260544 -0.85999635 -0.08828391 0.02207098
0.84702859 -0.51030018 0.14878270 -0.03719568
-0.17300388 0.00000000 0.98492114 -0.24623029
0.00000000 0.00000000 0.00000000 1.00000000

--- Pose 46 ---
-0.50338253 -0.85947309 -0.08894966 0.02223741
0.84636115 -0.51118099 0.14955532 -0.03738883
-0.17400815 0.00000000 0.98474421 -0.24618605
0.00000000 0.00000000 0.00000000 1.00000000

--- Pose 47 ---
-0.50422755 -0.85890713 -0.08962771 0.02240693
0.84565144 -0.51213138 0.15031666 -0.03757916
-0.17500921 0.00000000 0.98456680 -0.24614170
0.00000000 0.00000000 0.00000000 1.00000000

--- Pose 48 ---
-0.50513896 -0.85829908 -0.09031789 0.02257947
0.84490012 -0.51314977 0.15106654 -0.03776663
-0.17600687 0.00000000 0.98438894 -0.24609723
0.00000000 0.00000000 0.00000000 1.00000000

--- Pose 49 ---
-0.50611522 -0.85764954 -0.09102001 0.02275500
0.84410784 -0.51423463 0.15180477 -0.03795119
-0.17700093 0.00000000 0.98421068 -0.24605267
0.00000000 0.00000000 0.00000000 1.00000000

--- Pose 50 ---
-0.50715482 -0.85695909 -0.09173389 0.02293347
0.84327523 -0.51538444 0.15253118 -0.03813279
-0.17799120 0.00000000 0.98403208 -0.24600802
0.00000000 0.00000000 0.00000000 1.00000000

--- Pose 51 ---
-0.50825626 -0.85622826 -0.09245935 0.02311484
0.84240289 -0.51659768 0.15324558 -0.03831140
-0.17897749 0.00000000 0.98385317 -0.24596329
0.00000000 0.00000000 0.00000000 1.00000000

--- Pose 52 ---
-0.50941808 -0.85545759 -0.09319620 0.02329905
0.84149139 -0.51787287 0.15394781 -0.03848695
-0.17995960 0.00000000 0.98367400 -0.24591850
0.00000000 0.00000000 0.00000000 1.00000000

--- Pose 53 ---
-0.51063881 -0.85464758 -0.09394423 0.02348606
0.84054130 -0.51920855 0.15463769 -0.03865942
-0.18093738 0.00000000 0.98349462 -0.24587365
0.00000000 0.00000000 0.00000000 1.00000000

--- Pose 54 ---
-0.51191704 -0.85379871 -0.09470327 0.02367582
0.83955314 -0.52060327 0.15531506 -0.03882876
-0.18191063 0.00000000 0.98331507 -0.24582877
0.00000000 0.00000000 0.00000000 1.00000000

--- Pose 55 ---
-0.51325134 -0.85291146 -0.09547310 0.02386828
0.83852744 -0.52205560 0.15597975 -0.03899494
-0.18287918 0.00000000 0.98313540 -0.24578385
0.00000000 0.00000000 0.00000000 1.00000000

--- Pose 56 ---
-0.51464033 -0.85198626 -0.09625353 0.02406338
0.83746470 -0.52356414 0.15663160 -0.03915790
-0.18384287 0.00000000 0.98295565 -0.24573891
0.00000000 0.00000000 0.00000000 1.00000000

--- Pose 57 ---
-0.51608264 -0.85102356 -0.09704436 0.02426109
0.83636541 -0.52512751 0.15727045 -0.03931761
-0.18480152 0.00000000 0.98277586 -0.24569397
0.00000000 0.00000000 0.00000000 1.00000000

--- Pose 58 ---
-0.51757693 -0.85002376 -0.09784539 0.02446135
0.83523003 -0.52674434 0.15789615 -0.03947404
-0.18575499 0.00000000 0.98259609 -0.24564902
0.00000000 0.00000000 0.00000000 1.00000000

--- Pose 59 ---
-0.51912187 -0.84898728 -0.09865640 0.02466410
0.83405902 -0.52841328 0.15850855 -0.03962714
-0.18670310 0.00000000 0.98241639 -0.24560410
0.00000000 0.00000000 0.00000000 1.00000000

--- Pose 60 ---
-0.52071614 -0.84791450 -0.09947718 0.02486929
0.83285280 -0.53013301 0.15910751 -0.03977688
-0.18764570 0.00000000 0.98223678 -0.24555919
0.00000000 0.00000000 0.00000000 1.00000000

--- Pose 61 ---
-0.52235847 -0.84680578 -0.10030753 0.02507688
0.83161182 -0.53190222 0.15969287 -0.03992322
-0.18858264 0.00000000 0.98205732 -0.24551433
0.00000000 0.00000000 0.00000000 1.00000000

--- Pose 62 ---
-0.52404760 -0.84566149 -0.10114723 0.02528681
0.83033646 -0.53371963 0.16026451 -0.04006613
-0.18951378 0.00000000 0.98187806 -0.24546952
0.00000000 0.00000000 0.00000000 1.00000000

--- Pose 63 ---
-0.52578227 -0.84448198 -0.10199606 0.02549901
0.82902714 -0.53558397 0.16082227 -0.04020557
-0.19043896 0.00000000 0.98169904 -0.24542476
0.00000000 0.00000000 0.00000000 1.00000000

--- Pose 64 ---
-0.52756127 -0.84326758 -0.10285380 0.02571345
0.82768424 -0.53749399 0.16136604 -0.04034151
-0.19135805 0.00000000 0.98152030 -0.24538007
0.00000000 0.00000000 0.00000000 1.00000000

--- Pose 65 ---
-0.52938338 -0.84201861 -0.10372025 0.02593006
0.82630813 -0.53944847 0.16189568 -0.04047392
-0.19227091 0.00000000 0.98134189 -0.24533547
0.00000000 0.00000000 0.00000000 1.00000000

--- Pose 66 ---
-0.53124744 -0.84073540 -0.10459516 0.02614879
0.82489918 -0.54144620 0.16241107 -0.04060277
-0.19317739 0.00000000 0.98116385 -0.24529096
0.00000000 0.00000000 0.00000000 1.00000000

--- Pose 67 ---
-0.53315227 -0.83941824 -0.10547833 0.02636958
0.82345773 -0.54348599 0.16291208 -0.04072802
-0.19407737 0.00000000 0.98098623 -0.24524656
0.00000000 0.00000000 0.00000000 1.00000000

--- Pose 68 ---
-0.53509672 -0.83806743 -0.10636952 0.02659238
0.82198414 -0.54556666 0.16339860 -0.04084965
-0.19497071 0.00000000 0.98080907 -0.24520227
0.00000000 0.00000000 0.00000000 1.00000000

--- Pose 69 ---
-0.53707968 -0.83668326 -0.10726850 0.02681713
0.82047872 -0.54768706 0.16387052 -0.04096763
-0.19585729 0.00000000 0.98063241 -0.24515810
0.00000000 0.00000000 0.00000000 1.00000000

--- Pose 70 ---
-0.53910004 -0.83526601 -0.10817506 0.02704376
0.81894182 -0.54984607 0.16432771 -0.04108193
-0.19673698 0.00000000 0.98045630 -0.24511408
0.00000000 0.00000000 0.00000000 1.00000000

--- Pose 71 ---
-0.54115671 -0.83381594 -0.10908895 0.02727224
0.81737374 -0.55204256 0.16477009 -0.04119252
-0.19760967 0.00000000 0.98028079 -0.24507020
0.00000000 0.00000000 0.00000000 1.00000000

--- Pose 72 ---
-0.54324862 -0.83233332 -0.11000994 0.02750248
0.81577480 -0.55427543 0.16519754 -0.04129938
-0.19847522 0.00000000 0.98010591 -0.24502648
0.00000000 0.00000000 0.00000000 1.00000000

--- Pose 73 ---
-0.54537472 -0.83081840 -0.11093780 0.02773445
0.81414529 -0.55654361 0.16560997 -0.04140249
-0.19933353 0.00000000 0.97993170 -0.24498293
0.00000000 0.00000000 0.00000000 1.00000000

--- Pose 74 ---
-0.54753398 -0.82927144 -0.11187230 0.02796807
0.81248551 -0.55884602 0.16600727 -0.04150182
-0.20018448 0.00000000 0.97975822 -0.24493956
0.00000000 0.00000000 0.00000000 1.00000000

--- Pose 75 ---
-0.54972539 -0.82769269 -0.11281319 0.02820330
0.81079576 -0.56118163 0.16638937 -0.04159734
-0.20102795 0.00000000 0.97958551 -0.24489638
0.00000000 0.00000000 0.00000000 1.00000000

--- Pose 76 ---
-0.55194794 -0.82608237 -0.11376025 0.02844006
0.80907630 -0.56354940 0.16675616 -0.04168904
-0.20186385 0.00000000 0.97941359 -0.24485340
0.00000000 0.00000000 0.00000000 1.00000000

--- Pose 77 ---
-0.55420066 -0.82444073 -0.11471322 0.02867831
0.80732742 -0.56594831 0.16710758 -0.04177689
-0.20269205 0.00000000 0.97924253 -0.24481063
0.00000000 0.00000000 0.00000000 1.00000000

--- Pose 78 ---
-0.55648258 -0.82276799 -0.11567188 0.02891797
0.80554939 -0.56837738 0.16744353 -0.04186088
-0.20351246 0.00000000 0.97907236 -0.24476809
0.00000000 0.00000000 0.00000000 1.00000000

--- Pose 79 ---
-0.55879275 -0.82106438 -0.11663597 0.02915899
0.80374247 -0.57083561 0.16776395 -0.04194099
-0.20432497 0.00000000 0.97890311 -0.24472578
0.00000000 0.00000000 0.00000000 1.00000000

--- Pose 80 ---
-0.56113026 -0.81933011 -0.11760525 0.02940131
0.80190693 -0.57332204 0.16806876 -0.04201719
-0.20512948 0.00000000 0.97873484 -0.24468371
0.00000000 0.00000000 0.00000000 1.00000000

--- Pose 81 ---
-0.56349418 -0.81756542 -0.11857949 0.02964487
0.80004302 -0.57583573 0.16835789 -0.04208947
-0.20592590 0.00000000 0.97856759 -0.24464190
0.00000000 0.00000000 0.00000000 1.00000000

--- Pose 82 ---
-0.56588361 -0.81577051 -0.11955843 0.02988961
0.79815099 -0.57837573 0.16863129 -0.04215782
-0.20671412 0.00000000 0.97840139 -0.24460035
0.00000000 0.00000000 0.00000000 1.00000000

--- Pose 83 ---
-0.56829768 -0.81394558 -0.12054183 0.03013546
0.79623110 -0.58094112 0.16888888 -0.04222222
-0.20749406 0.00000000 0.97823628 -0.24455907
0.00000000 0.00000000 0.00000000 1.00000000

--- Pose 84 ---
-0.57073551 -0.81209086 -0.12152945 0.03038236
0.79428358 -0.58353100 0.16913061 -0.04228265
-0.20826563 0.00000000 0.97807230 -0.24451808
0.00000000 0.00000000 0.00000000 1.00000000

--- Pose 85 ---
-0.57319626 -0.81020654 -0.12252103 0.03063026
0.79230868 -0.58614448 0.16935644 -0.04233911
-0.20902872 0.00000000 0.97790950 -0.24447738
0.00000000 0.00000000 0.00000000 1.00000000

--- Pose 86 ---
-0.57567908 -0.80829284 -0.12351633 0.03087908
0.79030663 -0.58878068 0.16956631 -0.04239158
-0.20978326 0.00000000 0.97774791 -0.24443698
0.00000000 0.00000000 0.00000000 1.00000000

--- Pose 87 ---
-0.57818316 -0.80634994 -0.12451510 0.03112878
0.78827768 -0.59143874 0.16976018 -0.04244004
-0.21052916 0.00000000 0.97758758 -0.24439689
0.00000000 0.00000000 0.00000000 1.00000000

--- Pose 88 ---
-0.58070769 -0.80437805 -0.12551709 0.03137927
0.78622205 -0.59411780 0.16993801 -0.04248450
-0.21126634 0.00000000 0.97742853 -0.24435713
0.00000000 0.00000000 0.00000000 1.00000000

--- Pose 89 ---
-0.58325186 -0.80237737 -0.12652205 0.03163051
0.78413998 -0.59681703 0.17009976 -0.04252494
-0.21199471 0.00000000 0.97727081 -0.24431770
0.00000000 0.00000000 0.00000000 1.00000000

--- Pose 90 ---
-0.58581491 -0.80034809 -0.12752973 0.03188243
0.78203169 -0.59953560 0.17024540 -0.04256135
-0.21271419 0.00000000 0.97711446 -0.24427862
0.00000000 0.00000000 0.00000000 1.00000000

--- Pose 91 ---
-0.58839606 -0.79829041 -0.12853988 0.03213497
0.77989741 -0.60227271 0.17037490 -0.04259372
-0.21342471 0.00000000 0.97695952 -0.24423988
0.00000000 0.00000000 0.00000000 1.00000000

--- Pose 92 ---
-0.59099456 -0.79620453 -0.12955224 0.03238806
0.77773737 -0.60502756 0.17048823 -0.04262206
-0.21412618 0.00000000 0.97680601 -0.24420150
0.00000000 0.00000000 0.00000000 1.00000000

--- Pose 93 ---
-0.59360967 -0.79409063 -0.13056657 0.03264164
0.77555178 -0.60779936 0.17058539 -0.04264635
-0.21481854 0.00000000 0.97665398 -0.24416349
0.00000000 0.00000000 0.00000000 1.00000000

--- Pose 94 ---
-0.59624066 -0.79194892 -0.13158261 0.03289565
0.77334087 -0.61058734 0.17066634 -0.04266659
-0.21550170 0.00000000 0.97650346 -0.24412587
0.00000000 0.00000000 0.00000000 1.00000000

--- Pose 95 ---
-0.59888681 -0.78977959 -0.13260012 0.03315003
0.77110485 -0.61339075 0.17073108 -0.04268277
-0.21617561 0.00000000 0.97635450 -0.24408862
0.00000000 0.00000000 0.00000000 1.00000000

--- Pose 96 ---
-0.60154743 -0.78758282 -0.13361883 0.03340471
0.76884395 -0.61620882 0.17077960 -0.04269490
-0.21684018 0.00000000 0.97620712 -0.24405178
0.00000000 0.00000000 0.00000000 1.00000000

--- Pose 97 ---
-0.60422182 -0.78535881 -0.13463851 0.03365963
0.76655838 -0.61904082 0.17081190 -0.04270297
-0.21749536 0.00000000 0.97606136 -0.24401534
0.00000000 0.00000000 0.00000000 1.00000000

--- Pose 98 ---
-0.60690931 -0.78310776 -0.13565888 0.03391472
0.76424837 -0.62188603 0.17082796 -0.04270699
-0.21814107 0.00000000 0.97591725 -0.24397931
0.00000000 0.00000000 0.00000000 1.00000000

--- Pose 99 ---
-0.60960922 -0.78082985 -0.13667971 0.03416993
0.76191412 -0.62474374 0.17082780 -0.04270695
-0.21877724 0.00000000 0.97577483 -0.24394371
0.00000000 0.00000000 0.00000000 1.00000000

--- Pose 100 ---
-0.61232090 -0.77852529 -0.13770075 0.03442519
0.75955584 -0.62761324 0.17081143 -0.04270286
-0.21940383 0.00000000 0.97563413 -0.24390853
0.00000000 0.00000000 0.00000000 1.00000000

